kb = 8.6173303 * 10 ** (-5)
hbar = 6.582119569 * 10 ** (-16)
pi = np.pi
c = 3*10**8
m = 0.511 / c**2 * 10 **6
e = 1.602 * 10 ** (-19)

alpha_op = 0.12
alpha_ac = 0.2
hbar_op = 0.02
c_s_tilde = 0.0498
eta_0 = 1 * 10 ** (-3) # Sigma_dis
Eta_0 = 1 * 10 ** (-3) # Gamma_dis
M = 0.0
Kf_20 = 0.26  # eV, Fermi 20K
vf = 4 * 10**5
a = 100 ** (1 / 3) * 10 ** (-10)
T_0 = 20
Kf_max_ev = 1 # 1eV cutoff
