kb = 8.6173303 * 10**(-5)
hbar = 6.582119569*10**(-16)
pi = np.pi

hbar_w_op = 0.2
hbar_w_ac = 0.03
G_op2 = 0.25
G_ac2 = 0.05
eta_0 = 5 * 10**(-3) # min=0.3 meV
M = 0.05
Kf = 0.25 # eV
vf = 6 * 10**5
a = 154**(1/3) * 10**(-10)
T_0 = 50

Ef = sqrt(Kf**2 + M**2)
Kf_ = Kf / hbar / vf * a # unitless